10001 57.884987 -152.847231
10005 67.5794055 -148.1732574
10006 57.81972219999999 -152.8738889
10007 55.4785366 -133.1468738
10008 59.15450649999999 -151.8376877
10009 59.37668499999999 -153.4460638
10010 42.3678759 -73.55941279999999
10011 36.0544445 -112.1401108
10012 40.9708989 -74.9972246
10013 33.6233779 -101.2392732
10014 62.5457857 -150.1680902
10016 59.6392938 -151.5030381
10017 51.066944 -93.79305599999999
10020 66.7660436 -160.15277
10021 56.97289869999999 -133.9460317
10022 60.481675 -146.5842525
10023 59.9631602 -158.477235
10024 12.962448 77.642866
10025 61.146908 -149.8402218
10027 61.17588629999999 -149.9900791
10028 70.7156083 -154.4070305
10030 -17.6999984 168.3194985
10031 63.5417269 -150.9962762
10033 70.34427769999999 -150.9447444
10035 53.97111109999999 -166.8566667
10036 59.7760694 -150.9585138
10037 59.24733550000001 -135.5294009
10038 62.5172561 -150.9453416
10040 64.46746379999999 -144.9208916
10041 57.5660861 -154.4538833
10042 57.218101 -153.269745
10044 57.884987 -152.847231
10047 61.17900509999999 -149.9716508
10049 19.1119268 72.8730428
10050 61.89888879999999 -161.4380555
10051 61.20137939999999 -149.7225353
10052 60.39946380000001 -149.2733198
10053 71.058611 -154.7505556
10054 70.5742604 -152.2586004
10055 70.9107452 -153.2422149
10056 57.7808333 -152.3913888
10061 57.218101 -153.269745
10063 55.2039213 -162.724445
10064 61.17310060000001 -149.8753221
10065 59.9887923 -152.6584187
10066 64.3637391 -147.363758
10067 56.0059858 -160.5607919
10069 60.47639279999999 -151.1216834
10070 61.1747238 -149.9638553
10071 64.64739159999999 -151.8098722
10074 61.1820636 -149.8629718
10075 60.8677777 -157.3919444
10076 65.3052778 -143.1536111
10079 60.904152 -149.62384
10080 57.884987 -152.847231
10083 57.884987 -152.847231
10084 59.73828880000001 -151.0298941
10085 59.82854909999999 -153.0808247
10086 63.7501384 -148.9013099
10087 59.2409991 -151.8771152
10088 57.884987 -152.847231
10091 61.62083310000001 -149.3019654
10092 71.058611 -154.7505556
10093 71.058611 -154.7505556
10094 71.058611 -154.7505556
10095 60.7252736 -151.3022361
10096 59.73828880000001 -151.0298941
10097 63.85329999999999 -152.4885
10100 57.7543782 -152.51473
10102 60.07876479999999 -147.9975211
10103 59.0510837 -158.5803509
10106 59.7760694 -150.9585138
10107 61.213055 -149.896227
10108 61.213055 -149.896227
10109 61.213055 -149.896227
10112 64.77691709999999 -141.1633513
10118 -17.3878955 -145.582949
10119 -26.6930109 141.0478697
10120 31.0780916 33.8360741
10121 36.8229009 7.8176335
10122 29.7264 -85.02469599999999
10123 50.8233411 6.1877096
10124 -12.96826 -46.8579769
10125 57.0969187 9.8564632
10126 -24.8003764 31.5408156
10127 24.2153888 55.7832003
10128 9.430555 -64.471664
10129 45.0030148 37.3408425
10130 56.3075123 10.6281027
10132 -19.563218 -46.9604951
10134 30.364116 48.2269108
10135 40.65165040000001 -75.4347461
10136 32.3749916 -99.7438001
10137 5.2544696 -3.9296293
10138 6.7416526 44.2621146
10139 67.0930556 -157.8316667
10140 35.0433333 -106.6129085
10141 45.4534583 -98.4177261
10142 22.3672521 31.6103355
10143 24.7545024 46.85331730000001
10144 9.007114999999999 7.263400099999999
10145 -36.0684077 146.9545458
10146 31.53567109999999 -84.19390489999999
10147 57.203514 -2.190188
10148 16.7615162 -99.758918
10149 44.9730441 -85.1769095
10150 5.606095499999999 -0.1681235
10151 29.0468535 -13.5899733
10152 47.4858737 9.560017799999999
10153 49.706944 -2.215278
10154 41.2569516 -70.0637506
10155 31.6086462 -97.2226498
10156 9.1887283 -77.99407269999999
10157 40.8665166 -124.0828396
10158 39.4513116 -74.57219640000001
10159 36.98516600000001 35.2970875
10160 36.876589 34.81796000000001
10162 8.9800689 38.7989319
10163 12.8253779 45.03708959999999
10164 31.9748491 35.9832471
10165 51.88 -176.6580556
10166 -34.925739 138.604794
10167 34.302181 -97.0186327
10168 4.6983396 -74.1419602
10169 -30.4371843 137.1395444
10170 57.7543782 -152.51473
10171 32.96179 -96.82916850000001
10172 38.7965203 -76.8836261
10173 56.3759087 -2.8575909
10174 12.5861164 -81.7021578
10175 24.2504051 54.5488034
10176 57.884987 -152.847231
10177 1.4017642 99.42654309999999
10178 13.8446672 20.8493964
10180 16.7128142 -9.637267
10181 -34.5580305 -58.4170088
10182 43.4487326 39.9420245
10183 62.56103119999999 6.082225999999999
10184 66.5496076 -152.629292
10185 31.3267812 -92.5472399
10186 65.6586109 -18.072222
10188 -34.586274 -68.403751
10189 38.969723 -104.813057
10190 40.6075795 -95.8656202
10191 42.71357829999999 -110.9397696
10192 35.0204676 -80.07754109999999
10194 32.9861477 -97.3125262
10195 38.7312399 30.5912217
10196 30.3523115 -9.551496499999999
10197 48.4241375 10.9324419
10198 40.4450813 -80.0087746
10199 44.1762319 0.5944807
10200 -3.583610999999999 143.6691669
10201 56.245748 12.863881
10202 -6.3620836 143.2301397
10204 57.4965954 -134.5697093
10205 36.524807 -5.0390536
10206 38.6024132 21.3515736
10207 27.152696 77.9617558
10208 33.3737747 -81.9722432
10209 -25.4555 -54.843592
10210 21.7011552 -102.3143912
10212 10.8243222 72.1760649
10214 18.2348157 42.6577331
10215 34.146946 -97.12277999999999
10216 33.9492161 -83.3274793
10217 40.6332779 8.2896846
10218 15.4844645 -84.35683379999999
10219 51.5005849 179.0409225
10220 35.179557 -3.839891
10221 42.0619091 -102.806985
10222 56.2012215 -132.433335
10223 40.1096425 -85.6141715
10224 33.6494671 -81.6779112
10225 70.6376909 -159.997093
10226 -18.8295303 -159.7667148
10227 39.3603006 -74.4566013
10228 38.1003629 -92.55043739999999
10229 41.9197777 8.7942675
10230 29.887356 39.3206241
10232 23.8388475 92.62417049999999
10233 -12.1349328 44.4252603
10234 65.590278 19.281944
10235 -29.68725 -53.8154499
10236 16.964167 7.993055999999999
10237 52.220278 -174.206111
10238 41.0376183 -81.4672037
10239 23.3112389 21.8568586
10241 60.90247400000001 -161.231216
10242 43.671078 142.4538957
10243 56.93868999999999 -154.182556
10244 -37.0082476 174.7850358
10245 58.67666699999999 -156.649167
10246 40.1750639 -103.2222937
10247 68.1331814 -151.7433356
10248 7.250971 5.2996734
10249 -8.702555799999999 160.6818089
10250 34.5900986 32.9892064
10251 50.247301 57.2082568
10252 20.132722 92.872956
10253 34.2291667 -86.25583329999999
10254 33.3039292 -86.6611083
10255 34.8619398 -86.5553213
10256 43.3499265 77.02528939999999
10257 42.7487124 -73.8054981
10258 38.2699329 -0.7125608
10259 30.3862782 -103.6814009
10260 69.97875119999999 23.3526789
10261 36.4170167 7.2841698
10262 -34.945143 117.803575
10263 27.740833 -98.027222
10264 -28.5703653 16.528168
10267 38.88825 -90.055908
10268 42.492786 -92.34257749999999
10269 36.1845831 37.2275099
10270 -29.8170842 -55.89244009999999
10273 -1.918542 -54.7272027
10275 46.0899249 -118.2787851
10277 31.1922906 29.9531425
10279 35.22444730000001 -101.70516
10280 23.0734262 72.626571
10281 -4.1012398 141.6700897
10287 31.7202574 35.994232
10288 43.2836505 -84.68974949999999
10291 -6.1572385 106.647358
10292 52.3105386 4.7682744
10294 42.02635050000001 -93.6177187
10295 -33.1862799 148.91739
10297 33.8325873 -117.9792173
10298 33.6563953 -85.8228352
10299 61.17588629999999 -149.9900791
10300 34.4937448 -82.7094554
10301 47.560361 -0.312112
10302 -23.4486944 -70.4409348
10303 45.726614 0.217494
10304 61.5807992 -159.5425825
10305 39.9310354 32.650351
10306 -14.998869 50.320316
10307 55.12092939999999 -131.4855123
10308 -16.1819288 39.9440074
10309 39.56352200000001 -76.98686099999999
10310 51.2218806 4.4594365
10311 -13.7133071 -73.3524944
10312 17.1417911 -61.790564
10313 62.64840999999999 -160.190193
10314 69.1143754 15.7679279
10317 40.742551 -84.1052256
10318 43.6156124 13.362015
10319 40.7382794 140.6890971
10320 35.4204316 27.1469226
10321 -29.6881714 -57.1531238
10322 40.5186809 -78.3947359
10323 6.1058827 100.3659308
10324 57.4714936 -153.8153605
10325 39.5807452 -104.8771726
10326 -14.4275 -67.4980556
10327 38.5024689 -122.2653887
10329 26.14829 -81.7747536
10330 39.46611 -76.169724
10331 -15.5748861 -146.4134654
10332 -15.104539 39.2829229
10333 45.0721958 -83.56359359999999
10334 7.8174269 -76.7176649
10335 -4.6761656 142.5400305
10336 35.060667 -85.585306
10337 34.5729435 -117.191129
10338 -13.83045 -172.0081099
10339 28.3595215 45.9420118
10340 29.6129256 35.0197741
10342 -16.344812 -71.56799
10343 -16.8027789 179.3403564
10344 60.9694961 -149.1183491
10345 35.2609546 -93.0978507
10346 35.0209237 -92.5567101
10347 30.0372414 -91.88162319999999
10348 42.2251956 -83.7456555
10349 68.11444399999999 -145.579167
10351 18.450277 -66.67583499999999
10352 36.125278 -90.92472099999999
10353 64.5961154 40.7145478
10354 -18.3494667 -70.3346361
10355 -3.3672487 36.6249122
10356 -30.53213 151.614955
10357 59.6497622 17.9237807
10359 6.953632 -71.857531
10360 -15.901342 -52.2452239
10361 43.9956627 -76.022365
10362 -21.1375908 -50.4259826
10363 45.927223 -89.730835
10364 46.1724475 21.2757131
10365 40.2203907 -74.0120817
10366 -37.3073443 142.9869695
10367 -7.499999999999999 13.5
10368 13.071139 42.645916
10369 37.9845133 58.3665111
10371 24.7184902 -77.8002722
10372 39.1910983 -106.8175387
10373 -43.9036737 171.8050912
10374 42.7803422 -71.51842909999999
10375 -7.9683473 -14.402837
10376 28.2678467 129.3621196
10377 6.904614 -5.3623581
10378 32.5539228 -94.315422
10379 15.285 38.901667
10380 33.4327453 -86.10382279999999
10382 -23.8049031 133.9022938
10383 39.4688729 -117.196033
10384 38.7653222 35.4815135
10385 46.1557943 -123.8819
10386 -25.2415129 -57.51418139999999
10387 23.9664425 32.8244756
10388 46.548611 -90.918892
10389 46.0277216 -99.35666649999999
10390 -9.3476184 -77.59918689999999
10391 17.708649 34.057181
10392 24.6292783 -75.6749913
10393 34.2301371 -95.62037339999999
10394 37.9356467 23.9484156
10395 -30.399203 -56.5107238
10396 70.4674655 -157.4320103
10397 33.6407282 -84.4277001
10398 -3.2535656 -52.2490864
10399 -3.6703968 152.4390364
10400 39.324358 -82.10138889999999
10402 31.625539 74.7777189
10403 20.499443 -13.046389
10404 32.8440088 -104.4396401
10405 60.86385920000001 -162.2737354
10406 52.8250866 173.1718527
10407 12.1293763 15.033964
10408 44.2605 -88.5111
10409 44.9213294 -97.161177
10410 27.050007 31.0154076
10411 12.5015939 -70.0119926
10412 3.41675 -75.61667
10413 -18.5089084 139.8821686
10414 44.3106241 -69.7794897
10415 24.441938 54.6500736
10416 62.68000000000001 -164.66
10417 43.6721636 -92.93884
10418 38.9531479 -121.0815882
10419 32.6137348 -85.43526639999999
10421 -9.803279999999999 -139.0425741
10422 44.8978093 2.4206432
10423 30.1974292 -97.6663058
10424 44.9591352 -89.6301221
10425 -7.2283915 -48.2405331
10426 -20.2490423 169.7710559
10427 41.7699772 -88.4682871
10428 46.0359556 12.6144653
10430 22.899516 -81.03406009999999
10431 35.4347918 -82.537607
10432 43.906667 4.901943999999999
10433 27.5948849 -81.5261963
10434 41.33725800000001 -75.72923399999999
10435 -38.026131 144.473444
10436 32.4101865 -111.2185477
10437 33.3878856 -118.4163103
10438 7.0312974 38.42188489999999
10439 19.279959 166.647706
10440 35.145622 -90.1865332
10441 -9.441944000000001 147.218889
10442 32.342627 -102.7135121
10443 31.3430776 48.7471835
10444 18.2065899 -63.05262979999999
10445 44.3136389 -75.8986616
10446 -22.9554014 145.2468954
10447 37.9989129 23.8182385
10448 4.452882499999999 -75.7662982
10449 45.8657671 -95.3874953
10450 22.442048 -73.97066
10451 34.6969154 -99.335544
10452 35.7719867 140.3928501
10454 40.5641 -84.17201
10455 36.3930879 -105.2850091
10456 -18.0206316 135.5402321
10457 -13.15487 -74.204341
10458 -25.3444277 131.0368822
10459 -19.5929618 147.3263424
10460 31.2135511 -82.3540178
10461 36.9043327 30.8018768
10462 -1.1600644 132.4652608
10463 35.6536071 -112.1384988
10464 35.3011994 -112.1926829
10465 33.5386523 -112.1859866
10466 33.3086773 -111.6577898
10467 31.9034961 54.2832652
10468 25.1974999 -100.2130555
10469 42.2330257 -85.5493783
10470 19.267656 -69.7304614
10471 43.4643805 -70.47399159999999
10472 45.0856209 -70.21691539999999
10473 -9.441944000000001 147.218889
10474 39.111504 -121.3598812
10475 4.562422 -72.963548
10476 32.5018595 -93.6571416
10478 42.1583986 -72.7156067
10479 16.3756831 120.6131128
10480 26.2697119 50.6259871
10481 9.164183099999999 -83.3303123
10482 40.4650264 50.0522984
10483 37.946161 41.1209073
10484 40.5997146 -116.8761205
10485 17.387112 102.7755279
10486 10.887052 -74.777007
10488 54.3401447 12.7130041
10489 -22.1659922 -49.0721697
10490 40.566454 110.002197
10491 50.064793 43.2284277
10492 47.661179 23.466813
10493 -45.9147796 -71.691824
10494 28.973255 -95.863455
10495 53.46743060000001 -2.3935188
10497 20.2545439 85.8159766
10498 10.4386996 45.01051959999999
10499 17.5495877 -61.76555510000001
10500 16.0301297 -61.7414904
10501 51.322737 -0.839339
10502 4.2189643 15.7870903
10503 44.502292 26.101538
10504 40.1348685 -75.26517009999999
10505 5.8466087 20.6497409
10506 -13.5373427 23.1099385
10507 20.3583998 -74.5041739
10508 37.2068203 -80.4080343
10509 63.57280770000001 -156.1490231
10510 10.7776219 123.0187484
10511 37.701097 -112.15467
10512 -8.4805046 126.3971959
10513 -23.5616801 145.30205
10514 37.9629535 -105.6702255
10515 10.7680414 -83.5854513
10516 46.5238573 26.9103692
10517 41.297445 2.0832941
10518 29.866687 -90.0207743
10519 26.3543226 -80.0893014
10521 32.3598289 -64.7020387
10522 -24.9000749 152.3220921
10523 48.7266716 -94.60954939999999
10524 37.5833129 -109.483292
10525 26.5312878 54.8277514
10526 -3.72117 55.205762
10527 -3.4380056 114.7541801
10528 7.981723 -2.738975
10529 41.9388735 -72.68603139999999
10530 40.357032 27.9672831
10531 24.8883678 68.8139269
10532 -6.9039576 107.5801608
10533 26.5832331 88.0607565
10534 22.3319844 73.2167786
10535 41.1642101 -73.12466719999999
10536 45.1316088 8.450503
10537 69.0596005 18.5389637
10538 43.1189978 -124.408448
10539 57.4796444 -7.3644641
10540 42.4631677 -71.29119299999999
10541 11.991944 -83.77249990000001
10542 44.786568 20.4489216
10543 42.1271962 -86.4256212
10544 8.9923405 38.7789202
10545 -1.3820615 -48.47752269999999
10547 32.0864576 20.2659758
10548 -33.0539197 151.6432586
10549 52.52706 13.39025
10550 48.390394 -4.486076
10551 60.77972200000001 -161.8377779
10552 -24.3322136 139.4619731
10553 31.2866185 34.724324
10554 -19.796823 34.908797
10555 33.8193756 35.4912043
10557 41.96121979999999 -78.6594519
10558 41.87354610000001 -103.5950216
10559 47.5366493 -122.3036766
10560 39.7040997 -104.7536301
10561 35.4329123 -119.056618
10562 30.6953657 -88.0398912
10563 -29.0927358 26.2987666
10564 -21.008862 31.578362
10565 40.6367812 -80.365865
10566 7.5846319 -78.18120259999999
10567 38.838349 -86.436604
10568 54.661781 -6.2162444
10569 32.2860396 -80.7214417
10570 7.289429999999999 -73.44078
10571 -1.18459 12.441093
10572 35.8031909 -101.4339148
10573 30.97514229999999 -84.63497389999999
10574 4.396111 18.520279
10575 13.0765848 -59.4877921
10576 28.2147878 83.66642569999999
10577 42.2081084 -75.9820633
10579 60.2990572 5.240810199999999
10580 61.535568 -149.813904
10581 44.8079749 -68.8166829
10582 32.22972 -101.5271167
10583 34.5929436 -113.1714065
10584 4.7863692 22.7796416
10585 29.9133171 45.29938620000001
10586 -31.3895921 -54.1120671
10587 45.66957070000001 9.7036313
10588 25.916282 50.58979
10589 44.4450408 -68.36208119999999
10590 35.1562931 -114.5584335
10591 54.59728500000001 -5.93012
10592 -41.5128986 173.8694627
10593 15.716667 -84.483333
10594 19.9859687 42.6220276
10595 -38.71630589999999 -62.163829
10596 23.2878096 69.6709371
10597 39.76036999999999 64.47479
10598 28.9519153 -113.5624339
10599 33.5624269 -86.754126
10600 14.7828294 45.719829
10601 23.2856501 77.3410569
10602 -31.998983 141.46857
10603 27.6783275 84.4300983
10604 -33.4150786 149.6544368
10605 -23.3500004 143.5330048
10606 21.7537804 72.1834267
10607 29.34989 71.711227
10608 52.45238209999999 -1.7435071
10609 21.540486 109.293386
10610 -19.833799 -43.9436788
10611 42.5524176 9.482549800000001
10612 19.109759 72.880867
10613 41.172137 -71.5576045
10614 40.29988110000001 -96.7498707
10615 31.8492058 -106.3799082
10616 63.99472 -145.720276
10617 37.3719532 -118.3680544
10618 11.6065142 165.3768099
10619 -6.251478199999999 106.8846049
10620 45.80373789999999 -108.5372138
10621 25.7013619 -79.2725993
10622 34.8128608 67.828122
10623 43.302494 -2.911116
10624 -16.8808002 143.4790039
10625 43.4831519 -1.558626
10626 26.482195 87.26331599999999
10627 46.8081139 -100.7838153
10629 30.4094159 -88.9252664
10630 39.9097178 -105.1118525
10631 47.5092442 -94.9329041
10632 40.7588598 -81.9534815
10633 13.34406 -16.6522
10634 -3.3191887 29.3206214
10636 29.2340143 81.2157296
10637 37.31163799999999 27.780795
10638 20.993517 -101.4805699
10639 38.8939545 -6.8188174
10640 65.981404 -161.149171
10641 44.8377716 -117.809527
10642 58.55484140000001 -155.7773889
10643 36.5385446 -93.19907289999999
10644 22.0352675 -159.7819574
10645 5.923076 116.051017
10646 13.9132602 100.6041987
10647 41.5115689 -81.6899155
10648 3.9753009 115.6182909
10650 12.6424902 -7.999089699999999
10651 -24.428423 145.4338461
10652 -3.7998837 102.2650345
10654 37.7916696 -81.12345069999999
10655 44.303902 -96.813103
10656 -2.3076872 28.8079683
10657 -1.3307502 31.8219349
10658 10.1088481 -64.68979089999999
10659 8.970535199999999 -79.55987619999999
10660 6.0354788 10.1213167
10661 35.9779385 -114.8315721
10662 60.429728 15.508083
10663 37.4322638 -81.1196075
10664 2.7 113.78333
10665 33.6177286 -114.716084
10666 48.7955792 -122.5330551
10667 35.6868781 -0.6559258
10668 53.77225379999999 -3.0331444
10669 55.7408067 9.1525999
10670 40.1807259 -74.12166049999999
10671 65.6490809 -20.287558
10672 -12.0649924 -77.1330776
10673 44.5345216 11.2878593
10674 13.1986348 77.7065928
10675 -23.602184 148.8084
10676 38.547668 -89.815491
10677 -15.6792029 34.9676975
10678 59.3397832 17.9397131
10680 41.552419 -112.0629715
10681 -19.6971554 44.5431306
10682 -17.9525492 122.2337473
10683 39.1851445 -86.49965460000001
10685 40.4829137 -88.914102
10686 3.371667 -59.79
10687 44.5759027 -71.1768579
10688 2.0789184 11.4903569
10689 24.2629574 97.23831779999999
10690 -20.2788319 148.7564156
10691 23.760643 -0.9056623
10692 59.3612466 -155.2588213
10693 36.1267451 -86.6933603
10694 -0.2879178 20.880332
10695 27.2098061 56.3689982
10696 -27.5254652 153.0075306
10697 57.0888258 -134.8331413
10698 33.9225347 -116.8501996
10699 6.3178195 5.599806
10700 -28.8376181 153.5562475
10701 33.279925 -81.47183869999999
10702 65.50501539999999 12.2454016
10703 43.5919031 -118.9546018
10704 8.621922 -70.2211883
10705 44.9420289 17.2974552
10706 -5.828888999999999 144.300278
10707 -5.8540535 13.0636918
10708 -16.443611 -151.7525
10709 9.3407687 -82.2446037
10710 44.8305935 -0.7103052
10711 4.6983396 -74.1419602
10712 50.7778287 -1.8324369
10713 43.5658231 -116.222316
10714 42.5652706 27.5160873
10715 42.0747458 -124.2905777
10716 19.0895595 72.8656144
10718 67.26830989999999 14.3622371
10719 -6.543217299999999 155.343282
10720 45.192754 5.688211
10721 42.3656132 -71.0095602
10722 27.9437281 -81.7845438
10723 -16.0754791 136.3022237
10724 11.160496 -4.329764
10725 8.1976017 126.3250895
10726 -1.2658151 116.8977258
10727 -16.4408361 -39.0817244
10728 29.955847 -94.0220743
10729 15.7292944 121.4988142
10730 51.312059 0.032802
10731 31.150134 -81.495179
10732 18.4704956 -67.0807149
10733 50.4221882 127.4074683
10734 12.988748 -61.262134
10735 58.45520769999999 -135.8851699
10736 -26.2297202 -52.6711356
10737 -12.078983 -45.0102003
10738 -41.1457803 -71.16130009999999
10739 46.3930459 -94.1412635
10740 53.0479741 8.7858793
10741 37.1172583 -82.8237377
10742 41.137508 16.765202
10743 -30.0396245 145.9507382
10744 40.7815013 -91.1200059
10745 10.046132 -69.3598172
10746 46.912222 7.499167000000001
10747 25.9064396 -97.4317439
10748 50.2322419 14.029038
10749 57.02529449999999 -7.4494811
10750 51.38363039999999 -2.7135463
10751 -11.7672537 130.6175484
10752 50.900999 4.4855744
10753 53.5032079 8.5718239
10754 71.284909 -156.7663621
10755 18.2559753 -71.1455943
10756 37.8151207 -85.4987385
10757 11.2777337 49.1543777
10758 -15.8697369 -47.9172348
10759 25.051564 99.165796
10760 1.9001143 9.8027298
10761 34.8455802 5.7481915
10762 47.5981804 7.525495799999999
10763 30.1974292 -97.6663058
10764 20.451561 121.980669
10765 31.36399 -109.883129
10766 30.5178863 47.8435016
10767 -7.5268384 -46.0500929
10768 1.2246216 19.7878159
10769 60.4230641 -146.1459094
10770 58.2330091 -157.3664902
10772 7.704834 81.677055
10773 7.532242200000001 -12.5186892
10774 1.1219253 104.1182972
10775 70.1339883 -143.5818668
10776 5.5246738 95.4199032
10777 56.36497689999999 101.7032397
10778 42.319035 -85.181755
10779 45.9545183 -112.4962555
10780 40.779132 -79.947569
10781 30.5323599 -91.15146100000001
10782 48.1702634 17.2105238
10783 66.9192924 -151.5190663
10784 3.1238102 113.0240193
10785 44.4706939 -73.1516037
10786 36.8680799 -116.7844057
10787 40.254596 29.5568343
10788 -5.4236673 154.671794
10789 -17.7508787 139.5327908
10790 47.4384587 19.2522958
10791 -34.5733392 -58.64583689999999
10792 42.9397059 -78.7295067
10793 -8.8025155 13.2426654
10794 44.6046153 26.1123565
10796 38.2486405 -94.3427054
10797 3.819963399999999 -76.99216369999999
10798 9.5237108 45.5505523
10799 -20.0183329 28.624722
10800 37.95296099999999 -121.2875818
10801 41.6069148 41.6104749
10803 -30.2698137 -57.6401461
10804 1.5649176 30.221102
10805 -33.3743906 115.6833745
10806 28.9579484 50.8254398
10807 49.4544677 2.1115111
10808 2.8419238 -60.6925903
10810 -25.8930405 139.3454497
10811 36.74973689999999 -95.9780914
10812 45.6467627 -85.5520726
10814 35.7249319 -91.6502237
10815 42.5844192 -70.91528079999999
10816 27.5053385 83.41947429999999
10817 31.6774842 -98.9937284
10818 52.3193013 10.5532552
10819 36.9951353 -86.4440758
10820 5.4653693 100.39122
10821 39.1774042 -76.6683922
10823 46.1706393 -103.3031784
10824 4.944167 114.928333
10825 48.9929464 -122.7470791
10826 -41 145.716667
10827 52.1314364 1.4317658
10828 42.4848145 -71.5433989
10829 -8.496397 140.39428
10830 14.8475 -12.468056
10832 33.2580351 -116.3245935
10833 8.9466231 125.4757937
10834 64.0772167 -141.1270628
10835 -21.9660308 -63.65649140000001
10836 34.987124 -81.05820419999999
10837 43.9557212 -106.4272801
10838 35.9579513 -89.949274
10839 42.5397989 -113.7686094
10840 7.739444 -5.069167
10841 45.163521 -84.930979
10842 51.677726 -9.486957
10843 49.984722 11.638889
10844 48.5789916 -122.8262908
10845 14.0384123 -84.6248756
10846 17.5361124 -88.3099938
10847 53.11208560000001 17.9899445
10848 39.6158249 27.9257634
10849 45.77746 -111.160161
10850 46.461641 11.328239
10851 43.3222082 3.3548568
10852 38.8451309 -77.0144498
10853 28.9821941 -95.57966909999999
10854 -4.258899 15.251139
10856 51.7613476 -1.5842109
10857 34.2089821 -119.0794533
10858 35.3254648 -118.9978163
10860 44.486892 -79.541444
10861 46.050745 -71.259051
10862 41.7798326 -82.67008299999999
10863 51.0669603 -114.2982518
10865 -5.596699 12.188059
10866 -25.001815 -53.501918
10867 44.387157 -85.52002399999999
10868 33.941917 -81.1220015
10869 -4.8755008 -66.899163
10870 39.2634329 9.0515805
10871 9.1767282 105.1762536
10872 30.1188025 31.4103638
10873 6.2411163 -62.85589459999999
10874 41.0725061 -81.5361583
10875 55.4370314 -5.6622322
10876 -17.8057036 -63.18521529999999
10877 23.3959079 113.3079699
10878 19.732779 -72.195
10879 46.871387 -68.017776
10880 33.5729327 -7.622266499999999
10881 24.3152048 -75.45413839999999
10882 -21.7005682 -41.30628160000001
10883 54.9376113 -2.8104462
10884 4.8222247 -52.36389750000001
10885 -31.535 145.79333
10886 59.78435169999999 -154.1144359
10887 -17.413954 -66.178894
10888 39.6165903 -78.7653744
10889 41.256515 -95.852414
10890 52.2043719 0.1776771
10891 31.645279 -2.278066
10892 39.87188 -96.30134319999999
10893 8.1255551 -63.5376665
10894 33.6414733 -88.4500789
10895 7.1633125 124.2140049
10896 4.9690078 8.3469864
10897 -35.3052327 149.1933934
10898 15.4693019 -90.40582289999999
10899 -19.4790222 140.9272967
10900 22.461558 -78.32731299999999
10902 43.21575139999999 2.3061711
10903 -45.9147796 -71.691824
10904 -27.1807405 -52.05164120000001
10905 11.1393794 75.9504042
10906 -12.1706919 96.8417478
10907 -28.6727702 -49.3733771
10908 34.5270183 65.2753188
10909 -36.7772493 -73.0599903
10910 37.9902157 -122.0561317
10911 10.5977061 -67.005879
10912 22.6520429 88.4463299
10915 42.4885401 -92.366034
10916 25.4186961 -77.8850221
10917 55.2039213 -162.724445
10918 37.6993793 -113.0927218
10919 46.1671942 12.2476991
10920 49.0096906 2.5479245
10921 33.622776 -92.763336
10922 -8.349672 -49.3087029
10923 65.9078085 -161.9262371
10924 34.283611 -80.56472
10925 42.8289275 -103.0968004
10926 60.4934354 -145.4757287
10927 40.7947466 -74.2648829
10928 37.6489903 -97.24823409999999
10929 10.3106556 123.9802214
10930 41.7809451 -124.237089
10931 -32.1287402 133.7065381
10933 42.194014 -72.53478299999999
10934 53.18569 -3.0298075
10935 19.952349 99.87941599999999
10936 55.2978592 61.51247
10937 24.8371422 -76.3427454
10938 65.573611 -144.7830559
10939 27.393514 -109.827407
10940 -11.4263889 15.1013889
10941 -16.142466 -62.02640919999999
10943 49.6469518 -1.4765416
10944 47.0804988 -0.8779454
10945 34.670951 -82.8844062
10946 39.6981893 -85.1310811
10947 30.781676 -86.577168
10948 65.0533327 -146.0550812
10949 36.663568 -88.3708472
10950 37.3504074 -108.5737417
10951 58.2075921 -157.4378337
10952 -22.9256289 -42.0792357
10953 45.77722199999999 3.087025
10954 22.15 -80.413887
10955 61.026542 -138.41103
10956 49.1832745 -0.4591881
10957 -30.3229265 153.1158258
10958 33.2405598 -109.2831531
10959 39.6076445 19.9144861
10960 37.0372183 -95.6157228
10961 55.4785366 -133.1468738
10962 -15.6530786 -56.1172687
10964 38.5631744 -76.0788292
10965 41.433923 -81.67582
10966 -20.4993469 -43.8613566
10967 37.311552 -89.55460699999999
10968 -6.1275118 106.6536859
10969 9.2515203 124.7046989
10970 50.8707168 7.140734399999999
10971 34.395562 113.740529
10972 22.2454829 91.8150974
10973 40.10731 123.054649
10974 -20.4686937 -54.6741233
10975 38.9795446 -76.9227324
10976 8.1441111 -63.5505833
10977 41.8817767 -87.6371461
10978 8.4542363 124.6318977
10979 32.8813859 -111.7493221
10980 35.0357067 -85.2016567
10981 -43.4863981 172.5368705
10982 33.301605 -111.8390705
10984 35.1330251 128.7100381
10985 41.546805 120.4415767
10986 41.8788067 -87.636005
10987 44.5226639 -114.2172717
10988 -9.1492595 -78.5249154
10990 38.0293059 -78.47667810000002
10991 65.485474 -144.610779
10992 35.4874818 24.0742105
10993 46.858067 1.722812
10994 32.8942676 -80.038159
10995 -43.81 -176.4572222
10996 61.5834917 -159.2379724
10997 39.772554 98.289419
10998 9.236629899999999 -82.4948029
10999 42.5776364 -121.8661258
11000 41.802425 12.6021389
11001 33.3878856 -118.4163103
11002 39.7990924 -121.8546733
11003 41.9602823 -91.7475493
11004 40.5152491 -107.5464541
11005 36.246891 113.128568
11007 66.6447422 -143.7405916
11008 64.8972391 -163.7042024
11009 42.047654 -94.786237
11010 -13.556944 32.587222
11011 37.0623073 -89.22116369999999
11013 46.2577577 -84.4744174
11015 12.6991667 -61.3425
11017 36.9960723 14.6080104
11018 -7.13753 -78.489831
11019 11.0307315 77.0406497
11020 -22.2799222 -68.52471489999999
11021 60.07876479999999 -147.9975211
11023 35.886111 71.799722
11024 31.6379723 -106.4285884
11025 33.51041350000001 126.4913534
11026 39.3776117 -97.1272436
11027 39.3006538 -80.22591829999999
11028 61.8677963 -158.1343362
11029 35.4415832 -120.8921331
11030 29.886756 121.555227
11031 34.2909242 -90.5148447
11032 21.0403409 -86.873564
11033 -6.114453999999999 -50.0010055
11034 60.5436437 -145.7259284
11035 36.62177399999999 -87.41904099999999
11036 64.0664338 -141.9510411
11037 9.575655 -13.62017
11038 21.4509308 91.9664257
11039 53.84842039999999 -9.2797919
11041 33.1265833 -117.2788379
11042 41.4124339 -81.84799249999999
11043 64.3037068 -149.1489184
11044 36.1598278 -120.2922677
11045 -34.9962576 138.5517689
11046 44.61525520000001 -88.7319588
11047 46.6692141 21.523991
11048 35.514586 -98.996883
11049 30.5930296 -96.36598350000001
11050 48.1188352 -123.4980439
11051 -7.3237245 -47.4636033
11052 3.5439613 -76.3840645
11053 58.8371397 -158.525746
11054 19.2805624 -103.5773634
11055 33.130001 -115.521667
11056 46.6523876 -122.9773092
11057 35.2144026 -80.9473146
11058 33.5276171 -88.43411499999999
11059 42.52528179999999 8.790031299999999
11060 -28.03139 145.6161
11061 7.1801552 79.8842521
11062 -34.6286683 148.0344702
11063 18.6510592 -91.802435
11065 -19.013786 -57.663428
11066 39.9999399 -82.8871767
11067 40.0363034 -88.2640152
11068 23.2117096 119.417887
11069 17.458332 -90.05333
11070 33.3742516 -7.577659799999998
11071 48.1093842 7.362586699999999
11073 -6.308768199999999 144.8731219
11074 -36.7916667 175.5086111
11075 21.418612 -77.849724
11076 47.1686533 -88.49399880000001
11077 31.2261422 -110.9741449
11078 -30.980833 148.37833
11079 -10.0494981 143.066861
11081 38.5306514 -105.5005483
11082 -19.634099 -43.965396
11083 39.549168 -97.65222200000001
11084 57.50467709999999 10.2226972
11085 32.3455852 -104.2526954
11086 33.9790678 -117.6389643
11087 -27.4483126 -58.7582087
11088 -26.3327022 -70.60792310000001
11089 -16.9242327 145.7787976
11090 31.6305117 -97.0782656
11091 18.7978362 99.004696
11092 38.7572626 -109.7521734
11093 36.6777758 -121.7634565
11094 4.2158791 -74.634728
11095 38.0296694 -120.4132407
11096 -31.3918479 -58.0170605
11097 44.520442 -109.0225794
11098 47.7743245 -116.8195467
11099 28.2394645 -80.60751719999999
11100 10.141715 -75.13856799999999
11101 26.3296771 89.4697702
11102 -31.33228519999999 149.2707784
11103 10.1517834 76.392958
11104 55.75626930000001 -4.149498299999999
11105 31.8445551 -99.4073706
11106 43.2056846 -71.50927810000002
11107 6.356110999999999 2.383333
11108 -31.3154367 -64.2123198
11109 38.8354278 -104.820308
11110 28.436934 -99.23503219999999
11111 38.8173156 -92.2215817
11112 -21.7833004 117.8000031
11113 4.3688889 -7.728611099999999
11114 8.6304547 -77.35035900000001
11115 -40.0752774 -71.1372215
11116 -29.0351393 134.7234382
11117 19.814763 -90.5009505
11118 55.6180236 12.6507628
11120 -18.4970262 -70.2978111
11121 -23.008205 -47.13756850000001
11122 42.8972741 -106.46485
11123 37.821379 -90.2426717
11124 -33.971463 18.6020851
11125 -7.268878399999999 -35.8940206
11126 18.312856 -65.304469
11127 50.9600106 1.9549266
11128 39.4352601 -107.2580728
11130 34.712875 -79.957004
11131 44.3127651 23.8785911
11132 -29.5217 148.582001
11133 4.7603059 -75.9528265
11134 -45.7894354 -67.4674984
11135 33.7460055 -78.8136339
11136 30.336378 -81.514499
11137 22.7542934 -74.20692679999999
11138 15.18738 120.5503456
11139 50.83644109999999 4.3347878
11140 27.7724235 -97.5021829
11141 -17.6502602 -39.2482599
11142 -29.8730556 -61.9288889
11143 32.0288439 -96.39696119999999
11144 12.4770149 -61.4716816
11145 38.9948889 17.0772902
11146 38.3704854 -81.59670489999999
11147 34.9140112 -88.6010026
11148 -17.9476126 135.9131796
11150 32.5143625 -84.9410549
11151 -28.8783097 153.0524435
11152 35.342855 -99.1968869
11153 39.1637984 -119.7674034
11154 58.1990217 -136.6398826
11157 -17.7331862 177.1341844
11158 69.0241667 -163.8572222
11159 35.9540179 -85.0830817
11160 38.371402 117.329949
11161 37.4673046 15.0657746
11162 48.60762829999999 -112.3640227
11163 -28.5924952 -65.754992
11164 5.73306 -73.9052899
11165 39.992305 -75.745161
11166 -26.4120018 146.2608825
11167 18.5063952 -88.3242963
11168 -15.4450068 145.1845469
11169 40.9167336 -72.7820496
11170 42.7925942 141.6704785
11171 43.25282259999999 5.784636
11172 30.574474 103.923651
11173 34.7297583 -112.0353341
11174 42.593197 -76.2140786
11175 29.6334084 -83.10810099999999
11176 33.9715611 -80.9967684
11177 7.939285299999999 -72.52176349999999
11178 -2.889444 -78.984444
11179 44.548312 7.623853
11180 24.763023 -107.476688
11181 10.4526005 -64.13332919999999
11183 10.659982 -63.261381
11184 -13.7655475 143.1188363
11185 12.188463 -68.960945
11186 -38.9397593 -69.2712319
11187 28.7028583 -105.9630913
11188 58.3579806 -134.5831791
11189 -27.4461552 117.9197741
11190 -13.5366454 -71.9434345
11191 40.441493 -79.990629
11192 45.3972886 6.6347029
11193 39.0532746 -84.6630165
11194 18.8776628 -99.1746683
11195 -9.669879 150.020346
11196 23.7093232 -98.95846189999999
11197 34.4009545 -103.2663479
11198 44.5639452 -123.2643769
11199 -24.8830658 113.6641083
11200 34.3897838 -103.3183038
11201 52.3698949 -1.4801627
11202 45.3180632 -85.2584004
11203 44.959661 -89.6285111
11204 -25.5327132 -49.1724811
11207 41.8261799 -90.3298824
11208 51.3985498 -3.3394574
11209 48.4897619 -122.8312683
11210 -33.8455942 148.6506993
11211 7.612897199999999 -66.1474752
11212 21.4509308 91.9664257
11213 61.5837852 -144.4308811
11214 67.25372349999999 -150.1989298
11215 49.290174 -123.117578
11216 1.9861111 -157.3497222
11217 -29.194886 -51.186913
11218 32.6670345 -115.5173738
11219 30.3534342 -95.419761
11220 -7.6592081 112.7241509
11222 -20.046667 146.26917
11223 26.0699697 -80.1553959
11224 18.2042851 -73.7536695
11225 19.690191 -79.87941
11226 17.5160922 -88.1946736
11227 60.137934 -164.2820767
11229 23.4630685 120.3925467
11230 57.5149383 -134.946215
11231 12.0782927 124.5450173
11232 -34.4509918 -57.7670948
11233 41.1536049 -104.8207379
11234 60.08038749999999 -142.4862305
11235 16.927778 121.756943
11236 20.6397838 -88.44735829999999
11237 -28.6568953 -53.6119406
11238 61.95354 -145.2940852
11240 8.6698874 -67.57085359999999
11241 61.78181000000001 -166.0372308
11242 18.3809456 -88.4100911
11243 36.2834707 6.622142
11244 20.5116256 -86.9305014
11245 62.071514 -142.049231
11246 62.2802833 -145.3627666
11247 55.96629 -133.7967211
11248 -7.598349 -72.773428
11249 9.34224 -75.28268
11250 50.8780371 19.2461281
11251 31.912048 119.783935
11252 29.1843646 -81.0607023
11253 23.846615 90.4026234
11254 16.0531659 108.2026484
11255 14.1328822 122.9826576
11256 -6.3620836 143.2301397
11257 34.8573499 -116.7881655
11258 25.516667 29.166667
11259 32.8481029 -96.8512063
11260 33.410556 36.514444
11261 36.5780022 -79.4054566
11262 -6.872538899999999 39.2069164
11263 40.05788 113.486882
11264 -9.086667 143.207778
11265 8.3912038 -82.43182159999999
11266 31.1970017 107.5078911
11267 39.90252419999999 -84.2217719
11269 30.9285564 28.4629671
11271 10.3296345 37.7343987
11272 32.5646179 -82.98240679999999
11273 -32.218864 148.569574
11274 42.3970919 -90.7056061
11275 11.8566874 38.015522
11276 42.5611109 18.268056
11277 -27.1606007 151.2645561
11278 38.851242 -77.04023149999999
11279 15.337182 -61.392005
11280 66.94253259999999 -156.8954912
11282 34.6590419 -86.9479374
11283 37.7607068 -99.9643206
11284 18.4557613 -66.0979253
11285 49.209444 7.400556
11286 30.0105326 70.64838630000001
11287 47.4897469 21.61219
11288 39.8347255 -88.8663928
11289 43.275675 -91.73641699999999
11290 28.5561624 77.0999578
11291 8.132490599999999 34.5652985
11292 39.6763931 -104.9575492
11294 -5.696368000000001 53.6552691
11295 42.3294796 -83.0443614
11297 41.2856593 -84.360044
11298 32.8998091 -97.0403352
11299 57.79381420000001 -152.3936869
11301 24.1267574 -104.5332918
11302 9.3337352 123.295932
11303 43.0489425 -105.4068079
11304 25.8975875 45.356971
11306 28.7553159 80.5825747
11308 31.3216557 -85.4524326
11309 36.0639447 -102.524156
11311 27.4840368 95.0228897
11312 -12.351111 49.29416699999999
11313 27.829743 99.700836
11314 47.2819401 5.052449999999999
11315 46.80166639999999 -102.7928843
11316 -8.5495599 125.5248698
11317 65.7521798 -168.924255
11318 9.6228565 41.854164
11319 -4.2066555 12.6601993
11320 20.7131959 70.92497399999999
11322 37.9003524 40.1841329
11323 -1.6359136 103.6391657
11324 33.8705912 10.775073
11325 24.2866977 9.460322
11326 -2.569886 140.50321
11327 64.0513315 -145.729635
11328 6.792809999999999 -6.47319
11329 55.4376652 9.329940200000001
11331 42.4795019 -79.3339324
11332 14.744975 -17.490194
11333 4.01346 9.717018
11334 38.96555559999999 121.5383333
11335 29.3565576 -100.7830826
11336 59.045941 -158.5044336
11337 46.8386505 -92.1800294
11338 11.7503415 108.3681795
11339 34.3596012 -79.4253776
11340 36.7181305 28.7933172
11342 45.6184072 -121.1726446
11343 33.3673323 111.789233
11344 32.155285 -110.8605934
11345 55.41030689999999 37.9024513
11348 32.2660402 -107.7580131
11349 38.6993937 -93.2211269
11350 24.7680947 93.3631341
11351 26.3556897 127.7678754
11352 -16.0473525 142.3931129
11353 56.6397222 -133.1119444
11354 56.452445 -3.024947
11355 32.7766642 -96.79698789999999
11357 48.36762479999999 35.0938059
11358 33.466503 -82.03938099999999
11359 34.7792945 -84.9628568
11360 -11.5954454 -46.8481437
11361 -35.56 144.95166
11362 48.587893 -2.0792864
11363 40.1211418 -87.62606339999999
11365 37.825035 29.668323
11366 -6.169694 35.752277
11368 19.1525 30.43
11369 25.2605946 51.6137665
11370 48.083332 37.75
11371 49.353976 0.075122
11372 15.546761 -61.30091100000001
11374 -22.1971221 -54.9248825
11375 39.12773 -75.4684352
11376 41.8243831 -88.0900762
11377 40.199387 -112.937469
11378 8.6004808 123.3432188
11379 -41.1718531 146.4275972
11380 -8.746717199999999 115.166787
11381 70.1374666 -147.0304388
11382 38.7755936 -9.135366699999999
11383 27.814312 -80.49465889999999
11384 42.6513898 -111.5820058
11385 32.840279 -115.267502
11387 36.5092118 -86.8849984
11388 70.34427769999999 -150.9447444
11389 39.1040645 -122.2653887
11390 47.3914641 -102.7720355
11391 44.0589538 -75.7107868
11392 61.1842239 -149.9861157
11394 29.0564015 -80.9423624
11395 32.4106979 -91.49872599999999
11396 38.1903712 -84.5654764
11397 40.865113 -100.0008398
11398 36.0544445 -112.1401108
11399 36.2597049 -113.231323
11400 51.1633868 -1.7468691
11401 55.77888890000001 -131.6013889
11402 59.1025 -135.3822222
11403 35.3178516 -113.8969246
11404 59.54694439999999 -139.7272222
11405 28.4844446 -80.5800416
11406 61.2189229 -149.8503728
11407 36.6228918 -116.0285541
11408 -17.3712585 123.6618091
11409 46.0089663 -83.7451099
11410 60.5888675 -152.1619772
11411 66.06844149999999 -162.7673252
11412 -28.5844567 148.2214774
11413 37.27528 -107.8800667
11414 51.1321529 13.7672072
11415 29.3705861 -100.920213
11416 46.6216493 -113.2017388
11417 -12.4112158 130.877545
11418 53.4807451 -1.0109145
11419 16.253071 -61.26651500000001
11420 11.1095971 39.7261596
11421 30.3966602 -86.47098
11422 31.8423621 70.89523369999999
11423 41.5341333 -93.6587958
11424 39.3832405 -112.5065231
11425 36.4580039 -116.8708863
11427 46.828291 -95.88281300000001
11428 51.517319 7.6120193
11429 32.5251516 -93.7501789
11430 33.2300591 -97.14028379999999
11431 48.5003792 -122.8196218
11432 42.360259 -83.0164262
11433 42.2161722 -83.3553842
11434 33.942223 -96.394447
11435 53.42644809999999 -6.249909799999999
11436 34.472221 -97.959999
11437 -45.9258615 170.2021681
11438 -7.400486 20.818631
11439 36.2535516 -75.7854085
11440 31.458258 -109.5963849
11441 41.1824283 -78.8923472
11442 48.7786908 -123.7079416
11443 -26.119017 28.084637
11444 51.2876146 6.7667912
11445 53.8983407 -166.5442156
11446 64.51138999999999 -110.289444
11447 48.1268564 -98.86781219999999
11448 41.6101162 -90.5878972
11449 7.128764100000001 125.6460784
11450 33.6695691 -112.1191757
11452 38.7646021 -121.9017954
11453 30.0701768 -95.5511629
11454 28.385233 -81.563874
11455 25.2531745 55.3656728
11456 41.3715755 -73.480103
11457 40.463479 116.897172
11458 64.7134717 177.7381361
11459 32.422379 -99.8418696
11460 38.5486429 68.8154959
11461 -12.802805 45.28344
11462 -33.359001 -56.499168
11463 64.77767349999999 -141.1527728
11466 17.6168059 44.4195157
11467 42.05464190000001 -104.9381553
11468 40.6819259 -99.1127073
11469 43.3564108 -1.7930562
11470 47.398951 -120.206495
11471 44.8622338 -91.48221649999999
11472 42.7424975 10.2331746
11473 0.0435913 32.4417943
11474 13.159722 30.234167
11475 55.525833 8.553333
11476 36.2336027 43.955182
11477 45.439695 4.3871779
11478 44.3340462 -83.63862259999999
11479 36.2575096 -76.1754727
11480 35.158773 33.50399
11481 30.3529337 -85.79426950000001
11482 43.8850063 -104.3166468
11483 29.9282955 -100.439656
11484 55.9375 -133.325
11486 36.0267769 -76.5663055
11487 61.2536352 -149.8112528
11488 55.950785 -3.3614532
11489 0.404862 35.2238796
11490 34.9240314 -117.8912085
11491 34.7688449 -114.6194171
11492 60.2145806 -162.0118833
11493 42.9064481 -72.27261969999999
11494 58.422469 -135.7030422
11495 29.6056145 -95.2162283
11496 44.8888277 -72.2276669
11497 38.1731682 20.4899734
11498 30.1159462 30.9108083
11500 30.1188025 31.4103638
11501 60.07876479999999 -147.9975211
11502 44.8222713 0.5140427
11503 39.6401478 -106.9136058
11504 30.6455492 -86.5223908
11505 13.4833639 22.4668962
11506 28.7054636 -100.5008759
11507 65.2764383 -14.4096409
11508 37.262984 -97.3978142
11510 45.9237154 -89.254837
11511 58.1857866 -157.3757321
11512 58.646427 -162.0627749
11513 53.8983407 -166.5442156
11514 41.75171659999999 -72.6252951
11516 50.9959955 10.4691602
11517 64.64309519999999 -147.0638234
11518 51.4583691 5.3920556
11519 18.4442003 -64.5371796
11520 6.562628999999999 -73.4567208
11521 26.198333 36.475556
11522 40.8020712 -124.1636729
11523 41.7211537 -85.9955263
11524 38.886739 -79.856973
11525 40.8278188 -115.786212
11526 37.6892046 -85.9256424
11527 33.3117555 -86.926124
11528 29.6005789 -96.32227490000001
11529 9.044649 -73.97338549999999
11530 -12.018942 135.5752467
11531 33.2191423 -92.81116960000001
11532 13.622016 25.3294838
11533 30.5715451 2.8688733
11534 25.475268 -76.682581
11535 64.61441599999999 -162.2717199
11536 4.6983396 -74.1419602
11537 42.15987 -76.893638
11538 47.0296625 -120.534954
11540 31.7812096 -106.394939
11541 24.4348769 39.53904929999999
11543 -33.0364923 27.824622
11544 28.2126579 33.6361158
11545 58.19518409999999 -136.3473927
11546 60.89390770000001 -146.7036919
11547 39.2992694 -114.8348536
11548 52.82937399999999 -1.332134
11549 -23.5690731 148.1745808
11550 62.7778753 -164.4940539
11551 41.824947 -110.559059
11552 16.6219444 -7.3163889
11553 38.4040378 -96.1788271
11554 34.0333443 -118.0370113
11555 60.57054540000001 -151.2461826
11556 48.708013 6.234549899999999
11557 36.3427401 -97.9018079
11558 38.5169972 -89.0938639
11559 64.54916399999999 -149.073608
11560 14.3818503 -87.62110609999999
11561 52.9873196 6.534055
11562 6.472048 7.56772
11563 40.7195085 -114.0330711
11564 42.5900845 -87.92588529999999
11565 6.218749900000001 -75.58696739999999
11566 40.395503 -91.38187099999999
11567 47.310806 -119.5195125
11569 48.3236333 6.063383
11571 -33.6827325 121.8304343
11572 -42.9061988 -71.14493279999999
11573 10.6421961 47.3879449
11574 39.7134112 39.5231189
11575 46.8101297 36.7668233
11576 50.9796148 10.9569312
11577 42.0839604 -80.1721622
11579 -6.636852299999999 -69.8831519
11580 -22.607222 17.078889
11582 29.9776134 -99.0890192
11583 39.9523619 41.1719517
11584 40.3082504 -3.7323934
11585 -10.310449 150.333904
11586 40.1244399 32.9916726
11587 45.7124142 -86.98441749999999
11588 48.6330816 -122.9289822
11589 22.6181197 -101.7116992
11590 31.3937585 -92.2956919
11591 0.973982 -79.62480529999999
11592 38.8114304 -76.06473989999999
11593 40.9867609 -75.1946248
11594 -26.3112876 -69.77411529999999
11595 51.4035411 6.9385064
11596 29.553956 34.954799
11597 32.4010171 -98.8180142
11598 31.2990882 -85.8999752
11599 48.9811512 6.2439277
11600 -21.377916 -174.957703
11601 39.6026174 -116.0056511
11602 31.951389 -85.128891
11603 44.1217811 -123.2159003
11604 35.4664185 -6.0373978
11605 17.4932005 -62.9810659
11606 64.0420938 -148.8623852
11607 68.4885955 16.6814426
11608 62.0466064 14.4177558
11609 47.4255024 -92.5015584
11610 40.16527019999999 44.3427833
11612 38.0459587 -87.5276758
11613 41.274944 -111.032127
11614 49.0159031 1.1942405
11615 41.675297 -70.95818799999999
11616 38.0545796 -97.2774982
11617 35.0743313 -77.04279509999999
11618 40.6895314 -74.1744624
11619 58.4204986 -135.4490327
11620 50.7346205 -3.4149805
11621 23.5618757 -75.8759072
11622 15.1234138 -10.5739189
11623 5.3204028 -72.3857913
11624 24.556987 -81.757397
11625 -34.8150044 -58.53482839999999
11626 38.60018669999999 39.2679585
11627 33.5761002 -117.130058
11628 51.28312649999999 -0.777053
11629 62.09820089999999 -7.2145002
11630 64.8164163 -147.8635169
11631 18.3097999 -65.6630658
11632 57.5321544 -135.2134511
11633 26.5800506 -99.1375786
11634 37.7615177 -90.4291315
11635 58.1032825 6.632008600000001
11636 37.0175956 -7.96972
11637 46.919828 -96.8255818
11638 36.7758493 -119.7181083
11639 60.8667609 -146.6834694
11640 -16.05435 -145.65749
11641 34.992579 -78.884664
11642 35.1320096 -78.9360907
11643 64.8373137 -147.6144921
11644 -11.591111 27.530833
11645 41.3981189 -110.3990734
11646 48.5379487 -123.0133473
11647 59.89951850000001 10.6286999
11648 48.3099055 -114.2545723
11649 36.729281 -119.817961
11650 44.8268086 -93.4547066
11651 41.7735409 12.2397117
11652 38.6821278 -104.7663633
11653 61.39142749999999 5.758600599999999
11654 14.5917077 -61.00492980000001
11655 47.6722451 9.5121906
11656 39.4161991 -77.3792758
11657 34.3593369 -98.99509239999999
11658 -3.3114111 17.3816492
11659 41.0120984 -83.66869659999999
11660 40.357498 71.74472
11661 -3.854614499999999 -32.4243853
11662 42.24657939999999 -89.5815907
11663 41.4509277 -96.5124056
11664 41.14234200000001 -104.8754373
11665 33.9288242 -4.979356999999999
11666 51.68476940000001 -1.7781973
11667 46.2850335 -96.1541912
11668 39.8137298 -84.05374479999999
11669 38.1821805 -84.9043432
11670 22.7533037 -12.4750592
11671 -13.8481817 -171.7419307
11673 31.588448 -110.344383
11674 61.2119221 -149.8243963
11675 41.252098 -72.0321221
11676 -4.386449199999999 15.4453718
11677 38.958319 -112.3632585
11678 -6.444774799999999 147.5146294
11679 -18.1795771 125.5630181
11680 25.109722 56.33055599999999
11681 48.7783557 8.0909751
11682 0.486974 25.3326503
11683 36.14007 136.221985
11684 41.377691 -79.860193
11685 37.2284245 140.4286325
11686 28.229756 -82.163451
11687 27.961495 -80.5596542
11688 30.779913 -85.59798579999999
11689 29.4643811 -81.2020936
11690 29.35947779999999 -82.47289359999999
11691 1.5904628 -75.5660273
11692 -6.8455002 -43.0771877
11693 43.7008379 -88.24611829999999
11694 54.771772 9.378214000000002
11695 35.1359051 -111.676476
11696 61.17588629999999 -149.9900791
11697 26.0742344 -80.1506022
11698 -27.670118 -48.5459657
11699 34.1934723 -79.7283532
11700 43.7695604 11.2558136
11701 -40.0916705 148.0023565
11702 62.4528502 -157.9881291
11703 40.7674987 -73.833079
11704 39.3683824 -94.9147021
11705 39.4474713 -31.193945
11706 39.4744776 -118.7779347
11707 -26.2142488 -58.22996509999999
11708 65.9323595 -149.8499046
11709 41.6687897 -70.29624079999999
11710 -5.878333 29.245277
11711 36.7386433 -108.2273
11712 52.1338912 7.6852386
11713 40.6297634 -91.31453499999999
11714 26.5869333 -81.8678588
11715 8.6175 -13.196944
11716 32.76070740000001 -16.9594723
11717 43.7583166 4.4147494
11718 39.2008462 125.6765362
11719 40.449256 -105.002428
11720 58.2413954 -134.8946917
11721 42.973423 -83.73889419999999
11723 39.462831 -123.792829
11724 25.962888 119.523266
11725 42.4921235 -94.1927417
11726 38.95009 -95.676778
11727 41.4339097 15.5358781
11728 40.8435248 -72.64154959999999
11730 -3.7771555 -38.53309660000001
11731 26.5481476 -78.69626989999999
11732 27.4920528 -80.36793779999999
11733 30.0776 -83.5771
11734 55.3554106 -131.7105604
11735 33.2397298 -119.4582586
11736 61.57108059999999 -149.6836952
11737 58.23500000000001 -155.1036111
11738 58.3579806 -134.5831791
11740 58.13439580000001 -133.729513
11741 61.1683372 -150.1605536
11742 38.1898829 -84.566501
11743 58.3579806 -134.5831791
11744 61.23730939999999 -149.8865347
11745 38.664722 -88.451668
11750 59.1266569 -138.4079093
11754 48.2837914 -115.4891162
11755 55.2039213 -162.724445
11756 53.3738696 -167.9134952
11760 50.1109221 8.6821267
11761 -20.583595 -47.381242
11762 48.5248261 -123.0261848
11763 50.03198709999999 8.5703666
11764 40.7369256 -73.9906214
11765 44.198482 12.070927
11766 43.6532121 -94.4619778
11767 61.5858047 5.0244956
11768 12.9615878 77.6618448
11769 38.9181671 -78.1944446
11770 14.5837486 -90.5278015
11771 43.00138159999999 74.43790729999999
11772 -21.160556 27.481944
11773 43.989244 -70.948964
11774 41.5023348 9.098381
11775 43.5811591 -96.7300956
11776 34.650002 -98.401947
11777 37.79833199999999 -94.769447
11778 35.3360061 -94.36684079999999
11779 46.7758459 -56.1806363
11780 30.8940431 -102.8793222
11781 34.7971742 138.1805917
11782 40.5830739 -105.0356736
11783 -50.2819851 -72.0563997
11784 39.633889 -105.816944
11785 37.9022408 -85.97170820000001
11787 -25.038056 46.955833
11788 -20.0616938 30.8194045
11789 32.8206921 -97.3598387
11790 33.7770914 -84.52164540000001
11791 28.4526212 -13.8694245
11792 32.6682698 128.8373991
11793 33.5903145 130.4467091
11794 33.8718561 -117.9794311
11795 -8.524488200000002 179.1965681
11796 -14.3064705 -178.053875
11798 2.6673418 44.7967222
11799 45.621944 63.210835
11800 30.5713358 -100.6455583
11801 33.355324 -117.2514313
11802 0.0094444 40.3755556
11803 33.9701679 -112.7309587
11804 46.794998 -119.080276
11805 32.8064013 -91.1748228
11806 -27.6416966 152.6955612
11810 48.1522782 -104.5050411
11811 45.2470883 -122.7695989
11812 39.9438314 -120.9469842
11813 61.1776816 -149.8898566
11814 45.8819064 -111.5654694
11815 43.8231096 -111.7924237
11816 -0.9189069999999999 -78.6188152
11817 -12.1582362 -77.0003067
11818 35.7683779 -119.3229667
11819 64.198056 -147.928611
11820 33.4372686 -112.0077881
11822 70.00380550000001 -153.0775833
11823 40.9864749 -85.1879222
11824 32.7688907 -97.43622049999999
11825 62.5077094 -153.8940126
11826 32.5627368 -97.31309619999999
11827 26.2005969 -80.1714202
11828 70.1727777 -146.8361111
11829 -14.8201064 36.532363
11830 40.2810968 -86.5123656
11831 43.26566260000001 -93.6376931
11833 66.5715841 -145.2496599
11834 36.0037553 -94.1697238
11835 51.5095665 -2.5826879
11836 34.6847207 -85.2901016
11837 33.631696 -85.152264
11838 33.3806716 -84.79965729999999
11839 14.5733556 -88.59608039999999
11840 33.6563953 -85.8228352
11841 33.4552061 9.7678687
11842 39.1672417 -77.161383
11843 38.410634 140.366448
11844 64.737027 -156.952618
11845 63.7803791 -171.6792458
11846 -0.693184 73.155678
11847 20.085278 -75.158333
11848 16.2517048 -0.0064164
11850 44.454981 6.034116
11851 26.185636 91.752708
11852 22.17391 94.1331452
11853 24.748822 84.9437322
11854 52.124786 0.939121
11856 38.3469363 -98.8537554
11857 -24.555833 25.918889
11858 40.9896352 -90.3713045
11859 68.4795606 -149.4889043
11860 15.868978 -61.27091999999999
11861 7.8122058 -12.3775328
11862 42.1842815 -73.40416429999999
11863 14.9250945 35.87740489999999
11864 2.281643 -74.950991
11865 44.2910915 -105.5022205
11866 49.434081 -2.5994887
11867 37.9268913 -100.7198703
11868 19.2962995 -81.357771
11869 36.1069652 -112.1129972
11870 36.1633164 -86.7822638
11871 34.7571942 -82.38380959999999
11872 5.9344461 43.5763118
11873 59.7470394 -158.8747275
11874 20.5259561 -103.307625
11875 42.5952431 -71.9964909
11876 54.3788433 18.468075
11877 12.520501 37.4338399
11878 21.4422227 -71.1460329
11879 47.0854045 -104.7239456
11880 43.970631 -84.475037
11881 59.9144075 150.7311153
11882 -22.2599055 166.4729372
11883 38.612837 -75.071248
11884 47.62174779999999 -117.534812
11885 62.99250079999999 -156.0682936
11886 -28.2803469 -54.1709391
11887 60.1975501 11.1004153
11888 6.503832999999999 -58.25307999999999
11889 21.8375 -82.78
11890 6.0575322 125.0997482
11891 -28.7960639 114.7023672
11892 67.1348427 20.8128779
11893 44.6036387 -108.0941121
11894 39.5816795 -85.8025359
11895 47.5050117 -111.1880039
11896 59.06194439999999 -160.3763889
11897 -34.255432 146.0627
11898 47.942861 -97.176582
11899 43.3419248 -73.60884899999999
11900 -29.7595591 153.0285484
11901 6.503832999999999 -58.25307999999999
11902 48.882221 -1.565278
11903 -19.5984641 18.1369375
11904 33.4213399 -79.29021329999999
11905 32.3877112 -94.719144
11907 23.5618757 -75.8759072
11908 48.212472 -106.614778
11909 32.3784904 3.8015247
11910 25.2793849 -76.32441
11911 25.7417226 -77.8441536
11912 25.1423015 10.1423172
11913 -33.0110147 -58.6128933
11914 36.154159 -5.3462711
11915 -22.8134098 -43.2494233
11916 35.9193664 74.3320451
11917 -38.661934 177.98228
11918 16.8893586 42.57056740000001
11919 16.4826614 -85.8793252
11920 -10.789321 -65.3301049
11921 39.1245955 -108.5312962
11922 -6.081993499999999 145.3899336
11923 -37.0868493 145.8615582
11924 62.15488800000001 -145.456635
11926 76.53332999999999 -68.7
11928 55.8690744 -4.4350529
11929 39.370556 -101.698891
11930 8.650558199999999 -83.17796330000002
11931 33.482778 -90.985556
11932 -29.6741427 151.6936183
11933 6.7808942 47.4542491
11934 -22.8888825 138.8245152
11935 35.7285719 -5.914098399999999
11936 51.8642112 -2.2380335
11937 62.15488800000001 -145.456635
11938 45.0168627 -84.6911701
11939 29.268249 -94.855226
11940 -23.8680503 151.223884
11941 64.5480098 -163.0143477
11942 36.9964635 -85.9205738
11943 3.235556 19.77014
11944 2.5699679 -77.89761899999999
11945 37.5586545 126.7944739
11946 65.40236449999999 -161.2815842
11947 34.85261759999999 -82.3940104
11948 53.6047872 24.0464551
11949 45.188529 5.724524
11950 12.004167 -61.78611100000001
11951 -39.0032219 -67.6101261
11952 59.12849539999999 -161.5720028
11953 29.6865432 -82.27676819999999
11954 44.4122974 8.8461075
11955 7.1168701 40.0466476
11956 64.1917098 -51.6743553
11957 15.3803485 73.8349952
11958 56.2965039 43.9360589
11959 42.413334 -124.424164
11960 -1.6683325 29.2386163
11961 41.3497456 -72.0790717
11962 -28.5219542 150.3221699
11963 26.7440679 83.45203049999999
11964 8.132490599999999 34.5652985
11965 -33.2403924 151.4316417
11966 57.668799 12.292314
11967 9.336110999999999 13.375556
11968 -12.2696809 136.8218816
11969 43.1514444 25.7128889
11970 2.5699679 -77.89761899999999
11971 32.7456958 -97.00550609999999
11972 -0.459667 -90.27139439999999
11973 30.413366 -89.072955
11974 47.209283 -93.50994399999999
11975 41.097536 -81.44662199999999
11976 4.6047784 -74.06599589999999
11977 44.4919365 -88.1274425
11978 34.1672949 -82.12783999999999
11980 40.97025 -98.3182995
11981 -34.0043643 22.3809737
11982 31.0615206 -97.82088429999999
11983 42.2755267 3.0175712
11985 53.1331083 6.564273
11986 42.8846633 -85.5248434
11987 42.76242910000001 11.0834241
11988 -23.4345529 -46.478126
11989 39.09181 -28.031772
11990 37.1874568 -3.7765354
11991 47.0752908 15.395384
11992 35.3512588 -77.96525729999999
11993 57.70887 11.97456
11994 41.52475769999999 -85.7948327
11995 36.1043671 -79.9351805
11996 34.8959008 -82.2172338
11997 58.422469 -135.7030422
11999 27.7821106 -97.5025912
12000 13.935278 -90.836113
12001 3.1507319 101.7110199
12002 -13.9700453 136.5933382
12003 47.4825016 -111.3566299
12005 -43.911802 170.121149
12006 0.6401188 122.8447135
12007 33.4516041 -88.587603
12008 30.637741 -97.6768353
12009 49.3333095 17.5783297
12010 14.5837486 -90.5278015
12011 28.0251468 -114.0206515
12012 38.5372495 -106.9353988
12013 16.7291834 -3.0041106
12014 -30.9578773 150.254163
12015 10.573055 -62.313889
12016 13.4856448 144.8001467
12017 15.0055849 -86.0516858
12018 35.5233909 -108.7072894
12019 9.0267871 -69.7540106
12020 -10.3130086 150.344289
12021 40.661823 -86.1446493
12022 51.9220986 8.3073319
12023 47.12244889999999 51.83044870000001
12024 36.6814886 -101.4837948
12026 46.23700969999999 6.1091564
12027 38.1558052 -78.16627319999999
12028 34.2736671 -83.8315121
12029 42.9837843 -78.1564432
12030 -18.8975955 -41.9854826
12031 33.06778 -96.065277
12032 38.8418183 -94.5437412
12033 60.5934595 16.9511012
12034 25.233056 62.329444
12035 -19.436666 29.861666
12038 26.2854993 78.217173
12039 33.5162315 -90.1795281
12040 46.218723 -97.64325
12041 39.5468387 -107.3265304
12042 54.90827909999999 8.3179854
12044 53.30825660000001 -8.8716677
12045 15.9619631 48.7876194
12046 52.36136339999999 0.4866428999999999
12047 -45.593523 -72.105284
12048 10.347021 15.2370339
12049 -10.8217725 -65.3463319
12050 40.4019932 49.8694261
12051 -2.1481499 -79.884134
12052 27.9701413 -110.9221223
12053 -16.632488 -49.2221166
12054 33.6380343 -112.0634044
12055 41.6177844 -87.4083934
12056 -8.0970012 156.8631593
12057 36.9471703 37.4734162
12058 34.0441174 -87.77633329999999
12059 33.1165503 139.7827385
12060 56.6810923 12.8148182
12061 35.954057 -112.1427297
12062 37.5127433 -122.4964562
12063 -11.5359274 43.2742098
12064 52.4618486 9.6889919
12065 20.029083 110.366357
12066 53.633622 9.9974128
12067 21.2187149 105.8041709
12068 39.3638831 -84.5254611
12069 -20.3628682 148.8547357
12070 8.9823792 -79.51986959999999
12071 27.4382509 41.6901778
12072 59.2801018 5.3071112
12073 22.991533 -82.4100642
12074 65.20098899999999 -161.1567839
12075 -42.836354 147.5074608
12076 57.4965954 -134.5697093
12077 30.9150146 29.5455699
12078 31.270363 -89.253046
12079 56.97289869999999 -133.9460317
12080 25.475268 -76.682581
12081 -25.6555 28.2156
12082 28.4542152 45.9967512
12083 26.995506 -98.7481167
12085 32.2875944 -101.4339148
12086 55.4305556 -131.2875
12087 62.18796499999999 -159.775517
12090 25.3181264 68.36634649999999
12091 53.8775898 14.1581179
12092 21.57963 -158.2104421
12093 34.8673 48.5378564
12094 40.4814042 -107.2166138
12095 -24.3699399 31.0449768
12096 6.9343097 100.3943751
12097 34.212696 62.22599
12098 55.7680556 -160.6858333
12099 20.743056 96.792778
12100 54.1535265 8.895225
12101 60.32104159999999 24.9528604
12102 35.1850048 25.2007728
12103 45.8384949 -119.290806
12104 41.270347 123.174325
12105 18.5758086 -69.98173969999999
12106 31.615555 -91.297226
12107 32.8139897 35.0453696
12108 41.7374398 -72.64859659999999
12109 34.620202 112.453926
12110 35.036388 -79.4974979
12111 64.295113 -15.228306
12112 70.679722 23.668611
12114 -20.8166051 144.2271108
12115 30.183806 120.264253
12116 54.1840847 7.912691199999999
12117 19.3016669 97.975
12119 39.7082107 -77.73018359999999
12120 8.380451599999999 -13.1365521
12121 -5.828888999999999 144.300278
12122 66.2161072 -155.6693208
12123 40.549165 141.4713979
12124 32.227923 -80.69977899999999
12125 49.9458052 7.2641958
12126 22.3059044 114.213476
12127 33.9224953 -118.3345448
12128 39.8790481 -95.52597019999999
12129 47.3921561 -92.8421461
12130 44.3671829 -71.5457796
12131 41.1321102 -111.9939817
12132 34.5671727 -114.3591181
12133 34.4397672 132.9190371
12134 21.348698 -157.9440178
12135 35.0923802 128.0864611
12136 45.4967101 -122.7057971
12137 -9.431892999999999 159.9872187
12138 -20.2788319 148.7564156
12139 24.8187911 79.91663319999999
12140 35.9369503 -89.83223740000001
12141 63.866658 -148.970211
12142 41.7757043 140.8158222
12143 22.308047 113.9184808
12144 -42.7139972 170.9850306
12145 -5.461666999999999 150.405
12146 20.9634547 -156.6727381
12147 32.334457 -90.222168
12148 8.1110951 98.3064646
12149 35.7223148 -81.3799416
12150 -25.937751 27.926416
12151 49.21331790000001 119.8240614
12152 57.52136600000001 15.8331178
12153 40.0639616 -80.7209149
12154 36.8910754 -121.408234
12155 42.8101729 -86.1853474
12156 46.6100257 -111.989929
12157 34.938915 -110.139565
12158 -6.267085799999999 106.8873759
12159 -20.3516823 148.9487532
12160 -37.8651085 175.3322184
12162 31.673889 6.140556
12163 32.8440404 -106.099291
12164 29.0903633 -111.0521299
12166 33.6207397 -116.9454697
12167 39.4214886 141.1384088
12168 35.232641 -75.6175701
12169 35.6901879 139.7082018
12171 58.0985477 -135.4119325
12173 21.276613 -157.8243963
12174 20.79502 -156.0148286
12175 59.24733550000001 -135.5294009
12177 32.6923483 -103.214364
12178 14.755158 42.97080709999999
12179 22.2954496 50.6793759
12180 20.785278 -76.315
12181 -18.2157675 -140.9080913
12182 -18.3347365 130.6360733
12184 59.64385749999999 -151.4909632
12185 44.361601 -98.21056030000001
12187 36.680998 -87.48968090000001
12188 50.2864041 11.8663086
12189 38.52 -28.716389
12190 34.4781961 -93.09632599999999
12191 29.6452718 -95.2773289
12192 59.56044929999999 7.3567043
12193 8.919819799999999 -79.594518
12194 -19.777778 -174.341111
12195 61.523183 -166.145124
12196 20.82095 106.7236569
12197 41.1220194 -73.7948516
12198 42.7259408 -93.22442319999999
12199 22.2236111 -159.4852778
12200 46.9715412 -123.936789
12201 53.4781702 -2.238325
12203 -17.7587615 31.0558712
12204 27.180494 33.807566
12205 49.9218303 36.2799884
12206 26.1971961 -97.6328442
12207 36.3118662 -93.0175712
12209 54.040585 -1.243997
12210 23.3959079 113.3079699
12211 35.97726919999999 -115.1392224
12212 40.56764039999999 -98.4039882
12213 42.0824287 -0.3226643
12214 65.697928 -156.351108
12215 37.9520151 -79.8344492
12216 25.4860421 -80.3909163
12217 34.6403329 -86.77568989999999
12218 52.0218937 113.307066
12219 51.87626460000001 -0.3717471
12220 38.5443075 -118.6333587
12221 -20.3516823 148.9487532
12222 40.9586741 -72.2526637
12223 38.3693687 -82.5557972
12224 6.1530656 -71.7627746
12225 34.678612 -86.68472299999999
12228 39.4491324 -87.3056672
12229 15.3155724 -91.50820619999999
12230 -16.7111944 -151.0340359
12231 16.398349 107.700364
12232 46.1238497 -67.7891205
12233 29.5957696 -90.71953479999999
12234 24.025546 121.613494
12235 66.041111 -154.263056
12236 38.077485 -97.89203599999999
12237 -9.878424899999999 -76.2055415
12238 61.7675 17.0843947
12239 15.7769394 -96.2594106
12240 53.5803147 -0.3490059
12242 -25.319723 152.8852601
12243 36.8656008 -87.4886186
12244 41.2678919 -72.8868727
12245 48.5438304 -109.7591257
12246 34.3748029 -80.0728518
12247 37.6606696 -122.1232721
12248 58.1274413 -134.755953
12250 41.6673379 -70.2847445
12251 17.2402633 78.42938509999999
12252 55.2063161 -132.828313
12253 55.4815883 -132.6460941
12254 45.8220169 -91.16858859999999
12255 38.853909 -99.273786
12257 26.230385 109.136724
12258 65.9558163 -17.4197245
12259 40.9869891 -75.99295599999999
12260 40.751389 -95.413055
12261 42.436668 -93.868889
12262 41.0105549 -95.260002
12263 37.6219829 -97.2706048
12264 38.9531162 -77.45653879999999
12265 43.1073749 -78.94453519999999
12266 29.9902199 -95.3367827
12267 28.0524624 9.6379884
12268 66.975499 -160.4367399
12269 57.56231999999999 40.1702561
12270 47.1548026 27.5867216
12271 7.3584174 3.975088299999999
12272 4.42408 -75.13801389999999
12273 -18.1475522 -41.71518529999999
12274 38.8748594 1.3712232
12275 -17.7430666 -179.341863
12276 5.9384466 -56.9928592
12277 37.4601908 126.4406957
12278 37.6508529 -97.42869879999999
12279 59.9690188 -141.6617702
12280 43.51511 -112.06788
12281 40.6850762 -79.1096901
12283 37.2235166 -95.70527799999999
12284 22.7277891 75.804599
12285 52.6736314 -8.657741099999999
12286 52.16469 15.8274998
12287 50.4119842 30.4432539
12288 66.055413 -23.1423023
12289 -17.5600834 146.0124576
12290 32.7462513 51.87639069999999
12291 48.88718979999999 24.690908
12293 20.9744732 -73.6757806
12294 59.323983 -155.902274
12295 -18.6637462 146.1482377
12296 38.4940251 26.9616941
12297 35.2589259 -113.9434576
12298 8.1831476 124.1949463
12299 7.682189999999999 -76.68724
12300 -25.695259 -54.4366662
12302 -25.5979951 -54.4886993
12303 35.9178277 -79.0452334
12304 -9.441944000000001 147.218889
12305 40.2958958 -88.1483236
12306 41.6040218 -88.07993139999999
12307 41.9305773 -88.7098144
12308 40.061338 -89.3226954
12309 -28.3730284 -53.8465432
12310 39.7364029 -90.2306899
12311 35.4089938 51.1554896
12312 36.202858 -81.2518833
12313 33.7502681 129.7840471
12314 41.0653322 -87.848635
12315 52.9380556 -168.8677778
12316 52.2685014 104.3833366
12317 41.6905391 -93.56707279999999
12318 31.2049787 35.0454319
12319 31.0873439 -97.68546950000001
12320 39.6620397 -75.5668166
12321 59.753109 -154.912648
12322 45.1211013 -95.05287050000001
12323 34.266805 -77.9103607
12324 39.4319998 -83.7856706
12325 10.8315005 122.4962073
12326 -22.6149275 167.4816693
12327 -17.696112 -71.34322399999999
12328 8.4368425 4.4951463
12329 55.68194399999999 -6.256666999999999
12330 49.22213619999999 18.7451813
12331 24.7644009 93.8972715
12332 40.510732 -101.623599
12333 26.4313338 -81.4006769
12334 -5.5316945 -47.4560696
12335 42.281194 -83.4027629
12336 41.4138928 -85.02334599999999
12337 40.0388584 -86.25261669999999
12338 39.128291 117.251586
12339 39.7168593 -86.2955952
12340 19.5635334 5.751027000000001
12341 -50.2819851 -72.0563997
12342 -23.876308 35.408239
12343 48.56707400000001 -93.39558099999999
12344 47.2576489 11.3513075
12345 -1.9465407 18.2859464
12347 36.5873135 -115.6735038
12348 36.0970085 -80.2451598
12349 -0.5499999999999999 166.9166667
12350 57.5422021 -4.0495858
12351 35.0186216 -110.7095378
12352 39.69251690000001 20.8226461
12353 54.0865957 -4.633939799999999
12354 1.5921782 18.0506039
12355 53.10525999999999 -9.654128
12356 -14.8148868 -39.31107000000001
12357 -22.2599055 166.4729372
12358 41.6396454 -91.54179069999999
12359 -27.1606132 -109.4292747
12360 7.788123799999999 122.6014067
12361 4.5702645 101.0984502
12362 12.52453 -81.713365
12363 33.0113694 -115.4733554
12364 -19.4882475 -42.54442419999999
12365 41.246999 -77.01541
12366 33.338196 43.596973
12367 33.793896 42.442989
12368 -20.5364084 -70.1805181
12369 -3.784721999999999 -73.308611
12370 65.8255556 -144.0605555
12371 24.1535086 89.04882429999999
12372 -12.7871346 143.3049127
12373 -9.355923299999999 34.7741417
12374 -29.3853477 -66.7981084
12375 40.212075 -92.591015
12376 10.2368142 22.7163298
12378 41.8125161 -85.4297855
12379 30.4543017 -88.21159999999999
12380 -20.6685047 139.4909192
12381 33.6164555 73.0961992
12382 49.914238 -6.2948339
12383 24.3908257 124.245872
12384 40.8829943 14.2865792
12385 -24.2602822 144.4260068
12386 21.2567029 -86.7474609
12387 61.17684620000001 -145.6878551
12388 28.2951432 -81.3595988
12389 48.1773699 -103.6367331
12390 35.3247252 -77.6113604
12391 40.7898451 -73.097568
12392 46.0693515 -86.1903622
12393 43.5230559 4.925277900000001
12394 43.963339 -69.712504
12395 39.76365699999999 30.497625
12396 44.360279 -89.83833299999999
12397 42.4906384 -76.4599412
12400 34.6619163 135.5177591
12401 -14.8140511 -39.0317095
12402 19.7188342 -155.0416866
12403 -29.189744 -56.5435319
12404 -19.077778 -169.926667
12405 38.909308 -77.0410631
12407 -46.4154609 168.3219184
12408 42.8468622 19.8622803
12409 68.6085648 27.4200373
12410 -29.8845752 151.141153
12411 56.9422544 40.9437826
12412 46.5250178 -90.13089169999999
12413 34.678433 131.7967846
12414 24.7791513 141.3251146
12415 29.7604267 -95.3698028
12416 23.8927444 91.24425699999999
12417 26.6994242 88.3143284
12418 30.6683787 76.7868333
12419 25.4400814 81.73406659999999
12420 12.8705889 74.841753
12421 15.861088 74.6130505
12422 24.3091179 92.0063205
12423 27.2887438 94.0931408
12424 32.6902449 74.84239989999999
12425 21.3180021 70.2670473
12426 34.1425054 77.5557216
12427 9.8385898 78.08952219999999
12429 24.13646 91.810936
12430 23.3171292 85.3253335
12431 24.9159848 92.9794591
12432 19.8672223 75.3957404
12433 22.8153472 86.1718119
12434 23.1115868 70.10400659999999
12435 11.6503358 92.73277639999999
12436 35.6582239 -117.8281116
12437 38.423734 27.142826
12438 35.4147713 132.8860537
12439 16.2077062 -95.2021328
12440 -12.6583017 132.8931871
12441 43.4799291 -110.7624282
12442 9.8052712 80.0479039
12443 28.2842973 68.459132
12444 26.8279735 75.8059323
12445 33.9240035 -84.3414107
12446 18.240557 -72.51861
12447 19.484483 -96.81642699999999
12448 32.3122283 -90.0764217
12449 33.9335076 -84.1559345
12450 69.2198118 -51.0986032
12451 30.49407129999999 -81.6879368
12452 42.3336128 -71.07166670000001
12454 33.9859248 -118.1601299
12455 35.8346151 -90.6426358
12457 37.879093 -122.513585
12458 37.8021618 -122.2739623
12459 69.2434425 -51.05667649999999
12460 38.831083 -94.89148279999999
12461 -20.6673014 141.7225448
12462 44.402867 -118.967883
12463 29.7585913 -95.3638702
12464 -21.7624237 -43.3433999
12466 26.2642477 73.05057339999999
12467 25.7726057 -80.1914366
12468 -11.83992 -49.1509209
12469 44.9712266 -93.2309042
12470 29.7537334 -95.35698509999999
12472 21.68778 39.1436082
12473 18.6622925 -74.1699395
12474 38.5932885 -92.2106913
12476 49.2074637 -2.1952207
12478 40.6413111 -73.77813909999999
12479 41.50323059999999 -81.65861029999999
12481 61.99411509999999 -49.6665709
12482 22.4607114 70.015896
12483 35.9865838 -113.8229084
12484 37.224777 -76.7838764
12485 32.6208005 -83.68745690000002
12486 29.7310764 -95.4328396
12487 29.7372344 -95.46100980000001
12489 1.6380714 103.6694589
12490 40.6172215 -74.1758315
12492 20.9634547 -156.6727381
12493 66.9511249 -53.7244968
12494 42.0970023 -79.23532589999999
12495 42.3666974 -71.03382189999999
12496 11.547222 43.1591669
12497 34.0244667 -117.9591375
12498 37.5967227 26.1123078
12499 43.995219 125.697045
12501 0.4502004 33.1945555
12502 -7.1789424 -76.7333365
12503 57.75833300000001 14.069167
12504 38.3453933 26.1425366
12505 36.96333300000001 26.940556
12506 26.7116587 85.9247129
12507 -6.2174945 106.8178377
12508 31.7981828 -95.1432068
12509 60.53585569999999 -149.5915244
12511 37.0990282 -94.4661472
12512 23.1845455 80.05879709999999
12513 29.6849056 -95.407747
12514 -14.1052041 21.4417486
12515 37.879093 -122.513585
12516 37.4467354 25.3288845
12518 44.0240637 -92.46695
12519 46.8902464 -98.7471985
12520 -26.1366728 28.2411459
12521 60.46443530000001 -45.5685478
12522 33.6761901 -117.8674759
12523 58.3579806 -134.5831791
12524 32.1622576 37.1505874
12525 31.8283829 36.7820557
12526 32.030277 36.4025
12528 62.65752209999999 29.6149539
12529 -7.787683799999999 110.4317613
12530 -31.6193456 29.516096
12531 -26.2242401 -48.801637
12533 6.0529725 121.0055339
12534 -9.355923299999999 34.7741417
12536 33.8482097 -117.8501966
12537 9.6395675 8.8666032
12539 26.2760403 127.7488105
12540 -7.14706 -34.9506137
12541 40.7535178 -73.9767512
12542 -10.8746595 -61.8487562
12543 29.8272606 -95.6661558
12544 35.3866256 -80.7131794
12545 40.7547434 -74.00718119999999
12546 40.7015101 -74.0091494
12548 40.7425701 -73.97194859999999
12549 21.3209005 -158.0812864
12550 26.7297075 94.1856325
12551 -3.4269493 37.07491270000001
12552 32.005532 34.8854112
12553 18.2536075 -65.6442185
12554 58.3593043 -134.5839225
12555 39.17871460000001 23.5023599
12558 23.1770549 89.1604253
12559 40.3201493 -78.83277489999999
12561 37.4221407 24.9476598
12563 36.4003185 25.4776476
12564 4.8675194 31.6026841
12566 -24.3853578 -65.0965605
12567 -15.4704633 -70.1566041
12568 29.274439 82.193322
12570 72.78999999999999 -56.130556
12571 42.6179146 -89.0415829
12573 29.7363405 -95.5474433
12574 36.17900970000001 -86.8834488
12576 42.2588719 -84.4603964
12578 62.4043505 25.6810388
12579 32.3136646 -89.13624999999999
12580 42.5745618 -72.2839807
12582 -12.8057753 15.7512549
12583 60.8155491 -151.7989172
12585 43.76599239999999 -99.3189562
12586 32.8526632 103.6872559
12587 36.5921834 -86.47879859999999
12588 46.72693049999999 -92.0469439
12589 46.7217735 -92.46118249999999
12590 33.0229677 -118.5874342
12591 66.2161072 -155.6693208
12592 47.2111657 -119.8363995
12593 42.7970922 -112.8255249
12594 42.754335 -122.4886972
12595 28.478813 -82.4672411
12596 39.934002 -74.89099879999999
12598 32.7361949 -97.1051341
12599 42.891103 -73.246107
12600 34.75531400000001 -92.2711753
12601 31.4165066 -87.04335499999999
12602 38.5764592 -122.4350143
12603 45.9019541 -115.7237432
12604 46.3927993 17.915883
12605 36.8453199 -86.887219
12606 -10.2166599 31.13333
12607 -16.519449 28.885027
12608 37.054943 41.2282471
12609 10.6931501 7.3127135
12610 61.17900509999999 -149.9716508
12611 34.0621857 -118.2949267
12613 6.8057827 -58.1053181
12614 64.2817821 27.6760907
12615 64.321945 -158.73611
12616 12.0456496 8.5220753
12617 65.98745749999999 29.2416499
12619 -35.066284 173.28542
12620 10.04994 98.538124
12621 66.27461 -145.817919
12622 55.929078 -131.5716905
12623 2.333333 31.466667
12624 58.19518409999999 -136.3473927
12625 34.565833 69.21249999999999
12626 -6.080349099999999 26.9162463
12627 50.33822199999999 30.8939274
12628 6.1697722 102.2931816
12629 7.9437416 -11.7616692
12630 8.099280199999999 98.98319479999999
12631 56.295611 -158.40148
12632 41.717906 82.96201599999999
12633 56.011894 -132.828325
12634 -20.5995471 147.8521487
12635 56.295611 -158.40148
12636 1.4868427 110.3417682
12637 38.96531239999999 -95.23443449999999
12638 56.311163 -158.5359263
12639 53.39911439999999 -167.5519
12641 56.2555556 -158.7625
12642 63.5906597 -156.0031119
12644 33.5474925 133.6741559
12645 31.506944 65.8475
12646 -0.1785705 10.767374
12647 57.8064293 -152.373371
12648 13.901183 100.5822313
12649 59.3531412 -151.9239719
12650 16.1567384 -13.5096099
12651 63.98680669999999 -22.6279668
12652 47.7569221 -122.2579096
12653 59.356529 -157.47145
12654 54.379444 10.1463889
12655 65.7809626 24.5759084
12656 7.8938841 -11.1751853
12657 9.518875399999999 -7.557223100000001
12658 28.0547578 81.614468
12659 30.25883959999999 56.9616453
12661 25.316197 -80.27893499999999
12662 16.5895184 -11.4056297
12663 54.849602 -163.4082941
12664 -5.9012268 22.4753387
12665 -35.7094938 137.5233472
12666 54.8829858 20.5866272
12667 49.67083299999999 73.33444399999999
12668 12.570833 -12.217222
12669 -30.7868519 121.4584555
12670 -9.9540058 33.8930796
12671 59.726643 -157.259476
12672 -1.963042 30.135014
12674 36.8003475 27.087821
12675 5.3524078 116.1665019
12676 62.89574099999999 -160.067091
12677 61.45464759999999 -142.3806576
12679 46.6722 32.5084913
12680 22.574629 120.3448068
12681 24.9008297 67.16808259999999
12682 29.2457199 50.3120667
12683 23.966667 95.033333
12684 39.952373 116.407564
12685 51.0722125 132.6007578
12686 55.8975333 -159.4886688
12687 55.920556 14.085278
12688 -6.2204747 155.6376301
12689 26.5318435 53.971667
12690 37.952125 139.1129315
12691 35.464895 44.3609905
12692 -28.8014948 24.7665189
12693 17.9333852 -76.7796899
12694 52.15446069999999 -9.5668632
12695 -0.0828568 34.7287625
12696 36.2704639 23.014861
12697 46.93517 28.935167
12698 -12.8470135 28.2113602
12699 34.4320024 135.2303939
12700 -8.9175927 39.5123101
12701 56.1767877 92.4813965
12702 50.80892960000001 3.1836033
12703 24.2595623 120.6265333
12704 64.9391445 -161.1548211
12705 58.19094610000001 -152.3704875
12706 16.4656784 102.7834876
12707 -35.26333220000001 173.9121444
12708 59.95915429999999 -162.8818326
12709 60.904533 -161.420914
12710 33.8381101 131.0321048
12711 64.424447 -156.8433389
12712 57.3670358 -154.0275911
12713 69.7269192 30.0450432
12714 -35.452778 173.81667
12716 58.8122145 -158.5606263
12717 -5.038035000000001 18.7844141
12718 -14.9984072 22.6474272
